../../../../../.git/annex/objects/9P/p6/SHA256E-s404811--4afd4263a8e94330246045ef36d61d2dd672f84e77590e49825c65210c3da993.csv/SHA256E-s404811--4afd4263a8e94330246045ef36d61d2dd672f84e77590e49825c65210c3da993.csv