../../../../../.git/annex/objects/x5/8g/SHA256E-s404958--338459eb93ec683f2b23b00a04b602bac30df5e6ce1cd7cf672a8d5e3740b09a.csv/SHA256E-s404958--338459eb93ec683f2b23b00a04b602bac30df5e6ce1cd7cf672a8d5e3740b09a.csv