../../../../../.git/annex/objects/vW/P1/SHA256E-s405748--16bd74be5bf85b7b3060aa3ea028a640ede3a02e53066ff4f22fc057b06d2b48.csv/SHA256E-s405748--16bd74be5bf85b7b3060aa3ea028a640ede3a02e53066ff4f22fc057b06d2b48.csv