../../.git/annex/objects/KZ/63/SHA256E-s692447731--bc25f13af8ef473d0f45b98fcd58f5cfefbc5c4be24e760663412a0a61b4e47f.csv/SHA256E-s692447731--bc25f13af8ef473d0f45b98fcd58f5cfefbc5c4be24e760663412a0a61b4e47f.csv