../../../../../.git/annex/objects/k2/9P/SHA256E-s404822--04d0ed1f049029c94540e4556f114392cc4c2a5099655b13791d41ec678ad808.csv/SHA256E-s404822--04d0ed1f049029c94540e4556f114392cc4c2a5099655b13791d41ec678ad808.csv